version https://git-lfs.github.com/spec/v1
oid sha256:5648a3e41e9a3744eadf2fadb459fed9a3c6ceec6186ef6f0de0648be53802e6
size 1599270
